3
38
123
129
155
161
163
170
180
267
268
272
298
329
380
489
598
622
653
657
711
762
786
807
843
1018
1423
1424
1583
1781
2062
4614
5174
5256
5393
5462
6074
6384
6977
7090
7345
7451
8491
8676
8833
8966
8996
9031
9038
9366
9456
9693
9788
9880
9954
10110
10917
11152
11298
11679
12312
12444
12771
13494
14822
15166
16869
17899
18360
18510
18511
24428
27205
29751
32471
33249
34444
36827
37799
39233
39422
41513
47971
49521
50646
50821
63770
64331
64690
65733
70672
72190
75612
76341
77931
79694
98287
101338
104206
106646
112470
136585
138843
141052
141498
144586
157336
166428
209112
213513
238713
244808
260514
271110
277834
279060
290250
297761
300302
313369
318846
324256
331962
335984
336592
346698
352748
353081
374720
376867
399035
414906
419430
436969
438631
447273
454227
467244
471988
495764
496243
501907
507732
528502
536869
541671
552524
554279
570579
574475
575264
575265
575392
577922
593643
601825
605542
609189
616240
617126
626329
648878
693134
694527
696506
697921
718930
749170
755898
803796
804706
842924
846422
853315
868759
872585
874757
911430
923261
930835
936108
937287
952062
956475
958196
986056
1008158
1011477
1016006
1017438
1020428
1022787
1030076
1033058
1036194
1038392
1058664
1061474
1071585
1074414
1076045
1083433
1087192
1094274
1100988
1101211
1101913
1102493
1112417
1119878
1127109
1136867
1151031
1151334
1155828
1185528
1195518
1205143
1207469
1210529
1212121
1230631
1233413
1234821
1241470
1242011
1243341
1245993
1246310
1263256
1285965
1287893
1311031
1315986
1319895
1319969
1320287
1368337
1374534
1380545
1382406
1385209
1386628
1421243
1425045
1429744
1432474
1437511
1442776
1498614
1500691
1501555
1516729