15
16
17
21
25
41
46
57
58
72
76
84
87
88
89
91
94
107
111
115
119
121
124
125
127
137
143
144
145
146
158
174
175
178
180
181
184
189
191
196
203
215
217
218
219
238
242
256
274
299
300
301
302
303
304
308
314
315
316
317
318
319
320
332
353
354
358
359
360
361
362
363
364
365
367
392
395
396
401
406
411
412
415
416
438
439
440
441
442
443
444
445
446
447
456
458
484
485
509
565
567
570
575
579
604
609
610
612
637
641
645
667
676
698
704
705
706
712
713
731
732
753
754
755
756
757
761
763
773
775
784
802
807
808
809
810
811
812
835
837
838
839
840
842
864
872
888
889
890
895
918
924
927
969
972
977
1013
1020
1022
1027
1033
1034
1055
1085
1089
1110
1111
1127
1130
1131
1133
1180
1189
1190
1196
1197
1198
1199
1200
1207
1216
1218
1267
1287
1288
1289
1306
1308
1312
1347
1359
1368
1375
1388
1389
1402
1403
1404
1406
1407
1410
1411
1412
1419
1424
1434
1453
1463
1464
1485
1486
1501
1502
1506
1520
1554
1555
1561
1571
1595
1600
1601
1612
1613
1616
1621
1630
1673
1674
1676
1703
1727
1738
1764
1766
1778
1789
1858
1873
1883
1950
1971
1976
1996
2002
2017
2023
2028
2029
2030
2068
2105
2129
2132
2153
2164
2191
2198
2204
2218
2237
2259
2263
2269
2281
2297
2298
2351
2354
2365
2381
2382
2389
2403
2418
2426
2427
2431
2442
2458
2459
2466
2499
2509
2510
2513
2515
2520
2521
2526
2531
2534
2540
2543
2546
2571
2574
2584
2586
2587
2592
2594
2595
2604
2605
2703
2718
2736
2739
2754
2786
2803
2804
2805
2806
2808
2809
2810
2813
2816
2840
2909
2918
2919
2937
2938
2939
2943
2961
2976
3003
3089
3112
3120
3139
3153
3154
3164
3165
3166
3167
3169
3195
3215
3231
3233
3256
3260
3263
3312
3313
3316
3318
3319
3320
3321
3322
3323
3324
3325
3326
3327
3328
3329
3330
3331
3332
3365
3379
3385
3400
3404
3406
3421
3423
3437
3438
3439
3440
3441
3443
3444
3445
3446
3447
3465
3466
3472
3477
3512
3576
3578
3587
3588
3598
3600
3622
3671
3684
3688
3689
3690
3691
3692
3693
3694
3695
3696
3699
3716
3758
3759
3760
3761
3765
3781
3789
3797
3820
3821
3825
3859
3861
3873
3903
3942
3951
3966
3994
3998
4010
4013
4015
4021
4044
4079
4084
4089
4115
4124
4155
4168
4176
4229
4258
4260
4264
4266
4268
4270
4310
4314
4321
4351
4377
4381
4382
4383
4386
4389
4408
4409
4427
4435
4444
4466
4472
4473
4487
4488
4490
4497
4503
4519
4548
4560
4564
4567
4577
4601
4628
4629
4642
4653
4662
4663
4672
4682
4686
4703
4705
4706
4707
4708
4709
4711
4725
4744
4747
4748
4763
4775
4806
4827
4833
4836
4839
4840
4841
4842
4850
4851
4859
4866
4870
4871
4872
4873
4874
4876
4877
4884
4894
4902
4903
4905
4911
4916
4917
4921
4926
4947
4957
4972
4983
4993
4997
