31
103
192
287
491
500
525
880
887
976
1245
1729
1892
2037
2157
3292
6159
6384
7399
10859
10970
11288
12799
15218
17276
17494
17605
19492
21007
23443
27428
28641
30614
31171
39391
40684
51797
60482
60898
72129
136495
138716
202032
212208
212225
224513
233585
234352
454973
505710
550843
556113
556356
936970
993774
1180346
1190668
1252318
1253360
1294982
1373737
1420285
1497557
1622390
1708576
1785590
2008180
2217977
2452161
2710789
2754753
2803710
3236320
3236341
3424435
3833621
3904236
4530327
4707541
4828297
5009979
5248794
5330762
5531949
5607242